  2  57  33 104  82   2  55   3  30  12  92  19  63
  2  58  32  82  74   5  53   0  32   0  82   5  69
  2  22  23  67  36  22   0  16   7  12  55  24  12
  2  59  23  44  40   4  55   0  23  14  30   8  32
  2  53  29  51 204   1  52   3  26  19  32 102 102
  2  57  30  87  84  31  26  25   5  36  51  21  63
  2  58  32 104  32  31  27  12  20  37  67  18  14
  2  58  32  93 186  11  47  30   2  74  19 134  52
  2  53  31  75  48   0  53   0  31  26  49  13  35
  2  56  32  98 110  48   8  31   1  46  52  64  46
  2  58  32  66 212  53   5  31   1  45  21 197  15
  2  57  32  96  84   2  55   2  30  19  77  21  63
  2  58  30 103 160  14  44  14  16  29  74  59 101
  2  57  31  65 250   4  53  25   6  21  44 135 115
  2  45  30  62 250  38   7  26   4  37  25 148 102
  2  58  30  98  44  11  47  12  18   2  96  22  22
  2  58  31  80  40   1  57   0  31   0  80   4  36
  2  56  32  72  52  49   7  31   1  59  13  33  19
  2  57  32 102 230   5  52  17  15  30  72  64 166
  2  57  32  87  48  35  22  17  15  48  39  11  37
  2  57  32 102 188  54   3  26   6  37  65 107  81
  2  52  31  92  64  22  30  23   8  68  24  34  30
  2  58  32  66  68  58   0  32   0  65   1  59   9
  2  53  32 105  76  23  30  29   3  54  51  37  39
  2  58  32  67  58  26  32  21  11  33  34  25  33
  2  51  30 102  78  38  13  16  14  16  86  50  28
  2  58  32  64  46  16  42   2  30  27  37   8  38
  2  58  32  65  72  18  40  24   8  41  24  50  22
  2  58  31  57 206  58   0  31   0  57   0 167  39
  2  57  32  90  50  55   2  32   0  86   4  47   3
  2  58  31 102 113  48  10  23   8  70  32  55  58
  2  54  33  56  56  17  37  17  16  25  31  18  38
  2  58  32  98  50  41  17   8  24  61  37  36  14
  2  43  20  48  52   5  38  17   3  38  10  15  37
  2  57  27  99  60  38  19  27   0  67  32  45  15
  2  56  28  72  30  32  24   6  22  29  43   9  21
  2  37  27  60  24   9  28  22   5  32  28  11  13
  2  55  24  58  40  36  19   1  23  10  48  20  20
  2  56  32  44  46  50   6   3  29   1  43  26  20
  2  53  24  59 238  37  16   5  19   6  53  29 209
  2  58  31 106 170   3  55   0  31  10  96  20 150
  2  58  32  98  62  58   0  32   0  98   0  47  15
  2  57  32 110  86  50   7  31   1 100  10  81   5
  2  70  22  79 100  63   7  18   4  74   5  83  17
  2  52  30  79  66  35  17  11  19  57  22  51  15
  2  54  29 101  66  24  30  26   3  82  19  61   5
  2  58  32  68 256  58   0  11  21  51  17 169  87
  2  56  28 108  74  20  36  25   3  60  48  55  19
  2  74  30  78  94   9  65  17  13  28  50  34  60
  2  91  32  62  66  32  59   1  31   4  58   0  66
  2  55  32  88  58  30  25  18  14  56  32  33  25
  2  55  33  63  42  26  29  18  15  38  25  40   2
  2  53  27  68 172   9  44   0  27   1  67   7 165
  2  55  25  50 100   6  49  21   4  24  26  50  50
  2  58  32  93  80  12  46  20  12  37  56  17  63
  2  48  33  83 200  43   5  26   7  71  12 136  64
  2  57  32  66  92  16  41   3  29  40  26  48  44
  2  58  32 102  50   0  58   0  32  37  65  12  38
  2  53  30  93 100  38  15  30   0  84   9  78  22
  2  57  32 106  48  45  12  16  16  39  67  11  37
  2  51  22  52 160  23  28  22   0  28  24 106  54
  2  51  22  51 360  39  12   9  13  43   8 328  32
  2  58  29  88  54  47  11   5  24  28  60  25  29
  2  45  30  43 110  45   0  30   0  29  14  95  15
  2  57  22  60  92   4  53  10  12   3  57  15  77
  2  55  22  76 170  15  40   0  22  22  54   5 165
